kepid	B-V	R/R_sun	None Re	M/M_sun	None2	Me	t/Gyr None3 te	P_rot None4	Pe	logRHK	Sources	Sources2 Sources3
3656476	0.782	1.335 +or- 0.009	1.13 +or- 0.03	8.67 +or- 0.61	31.67 +or- 3.53	-5.109	1, 6, 11	
5184732	0.696	1.367 +or- 0.013	1.27 +or- 0.04	4.17 +or- 0.39	19.79 +or- 2.43	-5.130	1, 6, 8	
6116048	0.589	1.219 +or- 0.009	1.01 +or- 0.03	6.23 +or- 0.37	17.26 +or- 1.96	-5.019	2, 6, 9	
6521045	0.790	1.474 +or- 0.013	1.04 +or- 0.02	6.24 +or- 0.64	25.34 +or- 2.78	-5.042	4, 4, 10	
7680114	0.690	1.421 +or- 0.012	1.12 +or- 0.03	7.35 +or- 0.78	26.31 +or- 1.86	-4.905	1, 6, 11	
8006161	0.859	0.947 +or- 0.007	1.04 +or- 0.02	5.04 +or- 0.17	29.79 +or- 3.09	-5.011	2, 6, 9	
8379927	0.570	1.130 +or- 0.013	1.15 +or- 0.04	1.67 +or- 0.12	16.99 +or- 1.35	-4.834	5, 6, 9	
9098294	0.567	1.154 +or- 0.009	1.00 +or- 0.03	7.28 +or- 0.51	19.79 +or- 1.33	-5.020	2, 6, 9	
9139151	0.520	1.146 +or- 0.011	1.14 +or- 0.03	1.71 +or- 0.19	10.96 +or- 2.22	-4.954	2, 6, 9	
9955598	0.713	0.907 +or- 0.005	0.96 +or- 0.03	6.43 +or- 0.40	34.20 +or- 5.64	-5.048	4, 6, 10	
10454113	0.528	1.250 +or- 0.015	1.19 +or- 0.04	2.03 +or- 0.29	14.61 +or- 1.09	-4.872	2, 6, 9	
10644253	0.598	1.108 +or- 0.016	1.13 +or- 0.05	1.07 +or- 0.25	10.91 +or- 0.87	-4.696	2, 6, 1	
10963065	0.509	1.222 +or- 0.010	1.07 +or- 0.03	4.36 +or- 0.29	12.58 +or- 1.70	-5.054	4, 6, 10
11244118	0.732	1.589 +or- 0.026	1.10 +or- 0.05	6.43 +or- 0.58	23.17 +or- 3.89	-5.148	2, 6, 9	
12009504	0.556	1.375 +or- 0.015	1.12 +or- 0.03	3.64 +or- 0.26	9.39 +or- 0.68	-4.977	2, 6, 9	
12069424	0.643	1.236 +or- 0.008	1.10 +or- 0.02	7.07 +or- 0.46	23.8 0 0	-5.105	3, 3, 7	
12069449	0.661	1.123 +or- 0.007	1.06 +or- 0.02	6.82 +or- 0.28	23.2 0 0	-5.094	3, 3, 7	
12258514	0.599	1.573 +or- 0.010	1.19 +or- 0.03	4.03 +or- 0.32	15.00 +or- 1.84	-5.024	2, 5, 9	